   Date      NEC  Atira  Aten Apollo  Amor  PHA-KM  PHA  NEA-KM NEA140  NEA    NEO
2017-10-11   106     16  1235   9108  6418     157 1846     884   7845 16777  16883
2017-10-01   106     16  1232   9089  6411     157 1844     884   7839 16748  16854
2017-09-01   106     16  1217   8980  6299     157 1834     884   7785 16512  16618
2017-08-01   106     16  1202   8918  6231     157 1827     884   7744 16367  16473
2017-07-01   106     16  1197   8885  6187     157 1817     884   7712 16285  16391
2017-06-01   106     16  1191   8834  6146     157 1805     883   7668 16187  16293
2017-05-01   106     16  1180   8774  6120     157 1800     882   7638 16090  16196
2017-04-01   106     16  1163   8702  6081     157 1792     881   7603 15962  16068
2017-03-01   106     16  1144   8549  6014     157 1784     880   7553 15723  15829
2017-02-01   106     16  1138   8471  5973     157 1779     879   7521 15598  15704
2017-01-01   106     16  1124   8343  5923     157 1761     878   7465 15406  15512
2016-12-01   106     16  1118   8271  5888     157 1748     878   7421 15293  15399
2016-11-01   106     16  1103   8152  5834     157 1742     878   7370 15105  15211
2016-10-01   106     16  1085   8032  5758     157 1733     878   7322 14891  14997
2016-09-01   106     16  1073   7950  5681     157 1730     877   7281 14720  14826
2016-08-01   106     16  1070   7898  5601     157 1719     877   7234 14585  14691
2016-07-01   106     16  1064   7861  5542     157 1708     876   7191 14483  14589
2016-06-01   106     16  1058   7805  5504     157 1703     876   7149 14383  14489
2016-05-01   105     16  1042   7739  5460     157 1694     876   7110 14257  14362
2016-04-01   105     16  1028   7653  5402     156 1686     875   7068 14099  14204
2016-03-01   105     16  1004   7511  5341     156 1675     874   7009 13872  13977
2016-02-01   105     16   991   7407  5278     155 1660     873   6964 13692  13797
2016-01-01   105     16   978   7313  5212     155 1643     871   6898 13519  13624
2015-12-01   103     16   958   7196  5157     155 1632     870   6839 13327  13430
2015-11-01   103     16   949   7105  5109     155 1628     869   6802 13179  13282
2015-10-01   103     16   946   7033  5041     155 1613     869   6744 13036  13139
2015-09-01   103     16   939   6980  4976     155 1606     869   6710 12911  13014
2015-08-01   103     16   938   6940  4939     155 1601     869   6679 12833  12936
2015-07-01   103     16   934   6914  4907     155 1594     869   6644 12771  12874
2015-06-01   103     15   933   6874  4869     155 1590     868   6609 12691  12794
2015-05-01   103     15   921   6812  4805     155 1580     868   6572 12553  12656
2015-04-01   102     15   916   6730  4743     154 1572     867   6533 12404  12506
2015-03-01   102     15   905   6620  4705     154 1559     864   6481 12245  12347
2015-02-01   101     14   897   6537  4665     154 1547     864   6443 12113  12214
2015-01-01   100     14   888   6453  4598     154 1533     862   6372 11953  12053
2014-12-01   100     14   879   6389  4561     154 1524     860   6319 11843  11943
2014-11-01   100     14   873   6316  4495     154 1515     857   6273 11698  11798
2014-10-01    99     14   866   6226  4432     154 1509     857   6233 11538  11637
2014-09-01    99     14   860   6173  4378     154 1504     857   6202 11425  11524
2014-08-01    99     14   855   6120  4305     154 1495     857   6143 11294  11393
2014-07-01    99     14   853   6078  4273     154 1485     857   6110 11218  11317
2014-06-01    99     14   844   6041  4217     153 1477     853   6065 11116  11215
2014-05-01    99     14   837   5974  4172     153 1465     852   6021 10997  11096
2014-04-01    99     14   825   5857  4064     153 1457     851   5966 10760  10859
2014-03-01    99     13   818   5800  4039     153 1452     851   5936 10670  10769
2014-02-01    99     13   810   5755  4001     153 1445     851   5901 10579  10678
2014-01-01    99     13   803   5702  3961     153 1441     850   5867 10479  10578
2013-12-01    99     13   798   5647  3935     153 1437     850   5835 10393  10492
2013-11-01    99     13   797   5575  3909     153 1429     850   5802 10294  10393
2013-10-01    98     12   785   5516  3847     152 1420     846   5761 10160  10258
2013-09-01    98     12   779   5460  3792     152 1416     845   5725 10043  10141
2013-08-01    98     12   777   5428  3756     152 1409     845   5697  9973  10071
2013-07-01    98     12   772   5400  3731     152 1402     844   5668  9915  10013
2013-06-01    98     12   769   5371  3712     152 1395     842   5638  9864   9962
2013-05-01    98     11   764   5332  3693     152 1388     842   5609  9800   9898
2013-04-01    98     11   759   5291  3663     152 1379     842   5575  9724   9822
2013-03-01    98     11   754   5243  3635     152 1370     842   5549  9643   9741
2013-02-01    97     11   749   5204  3608     152 1367     842   5524  9572   9669
2013-01-01    97     11   742   5123  3571     152 1353     841   5471  9447   9544
2012-12-01    97     11   734   5070  3540     152 1342     841   5435  9355   9452
2012-11-01    96     10   726   5016  3504     152 1334     839   5402  9256   9352
2012-10-01    96     10   720   4941  3449     152 1323     838   5348  9120   9216
2012-09-01    96     10   716   4908  3418     152 1320     836   5321  9052   9148
2012-08-01    96     10   711   4882  3385     152 1315     835   5288  8988   9084
2012-07-01    95     10   710   4876  3376     152 1310     834   5273  8972   9067
2012-06-01    95     10   705   4851  3352     152 1301     831   5238  8918   9013
2012-05-01    95     10   703   4818  3328     152 1295     828   5212  8859   8954
2012-04-01    95     10   701   4767  3301     152 1290     827   5182  8779   8874
2012-03-01    95     10   695   4687  3275     152 1283     825   5150  8667   8762
2012-02-01    95     10   685   4640  3234     152 1278     825   5116  8569   8664
2012-01-01    95     10   675   4571  3199     152 1270     824   5080  8455   8550
2011-12-01    95     10   671   4539  3175     152 1263     821   5054  8395   8490
2011-11-01    95     10   668   4498  3142     150 1253     818   5019  8318   8413
2011-10-01    95     10   661   4437  3096     149 1242     816   4982  8204   8299
2011-09-01    94     10   660   4403  3041     149 1236     815   4945  8114   8208
2011-08-01    94     10   660   4387  3013     149 1233     813   4923  8070   8164
2011-07-01    93     10   658   4374  2989     149 1229     813   4904  8031   8124
2011-06-01    93     10   658   4356  2965     149 1223     812   4876  7989   8082
2011-05-01    93     10   655   4330  2943     149 1214     811   4847  7938   8031
2011-04-01    93     10   644   4282  2913     149 1207     808   4803  7849   7942
2011-03-01    93     10   633   4219  2888     149 1198     806   4768  7750   7843
2011-02-01    93     10   623   4174  2872     149 1187     806   4745  7679   7772
2011-01-01    93     10   617   4100  2838     149 1172     805   4697  7565   7658
2010-12-01    93      9   608   4045  2807     149 1164     805   4660  7469   7562
2010-11-01    93      9   597   3976  2764     149 1159     805   4623  7346   7439
2010-10-01    93      9   587   3919  2727     149 1144     805   4583  7242   7335
2010-09-01    93      9   581   3871  2663     149 1139     803   4550  7124   7217
2010-08-01    93      9   578   3858  2652     149 1137     800   4534  7097   7190
2010-07-01    93      9   573   3835  2641     149 1134     799   4504  7058   7151
2010-06-01    92      9   567   3804  2619     149 1127     798   4464  6999   7091
2010-05-01    91      9   559   3760  2599     148 1115     796   4423  6927   7018
2010-04-01    91      9   551   3715  2580     148 1111     795   4389  6855   6946
2010-03-01    91      9   543   3678  2554     147 1102     792   4358  6784   6875
2010-02-01    91      9   539   3624  2530     147 1090     791   4315  6702   6793
2010-01-01    91      9   534   3596  2511     147 1085     790   4293  6650   6741
2009-01-01    89      9   480   3126  2254     144 1005     765   3946  5869   5958
2008-01-01    85      7   425   2668  1964     140  909     743   3559  5064   5149
2007-01-01    83      6   358   2318  1731     136  824     716   3214  4413   4496
2006-01-01    79      5   311   1977  1480     133  742     686   2847  3773   3852
2005-01-01    76      4   258   1636  1249     123  647     636   2472  3147   3223
2004-01-01    72      2   202   1326  1081     110  551     588   2130  2611   2683
2003-01-01    68      1   167   1090   915      99  469     533   1813  2173   2241
2002-01-01    64      1   124    839   720      88  373     460   1429  1684   1748
2001-01-01    58      1    94    618   529      73  292     392   1075  1242   1300
2000-01-01    57      1    57    449   372      61  216     305    766   879    936
1990-01-01    48      0     8     62    63      20   42      88    133   133    181
1980-01-01    44      0     3     27    21      12   17      43     51    51     95
1970-01-01    41      0     0     13    14       8   10      24     27    27     68
1960-01-01    40      0     0     10    10       7    8      18     20    20     60
1950-01-01    40      0     0      7     6       4    5      12     13    13     53
1940-01-01    35      0     0      3     6       2    3       8      9     9     44
1930-01-01    33      0     0      0     5       0    0       5      5     5     38
1920-01-01    31      0     0      0     3       0    0       3      3     3     34
1910-01-01    29      0     0      0     1       0    0       1      1     1     30
1900-01-01    27      0     0      0     1       0    0       1      1     1     28
